                       The PRINCOMP Procedure

                    Observations          12
                    Variables             24

                       Simple Statistics

Variable                  Mean          StdDev

AvergaeExitVelocity   91.32500         2.48345
AverageLaunchAngle    13.52500         2.55810
BarrelBattedRate      15.08333         5.84043
SolidContactPct        8.62500         1.08303
FlareBurnerPct        12.27500         1.29974
PoorlyUnderPct        11.24167         1.36146
PoorlyToppedPct       13.86667         1.24048
PoorlyWeakPct          3.67500         0.57544
HardHitPct            57.16667         3.55434
ZSwingPct             69.26667         3.02575
OZSwingPct            39.94167         6.65534
OZContactPct          60.71667         3.51150
OutZonePct            75.51667         4.09075
IZContactPct          80.98333         2.14427
InZonePct             45.90833         1.51865
EdgePct               25.65000         6.56167
WhiffPct              38.43333         4.93049
PullPct               34.81750         3.27467
StraightAwayPct       26.67417         1.70571
OppositePct           39.27500         2.55490
GroundballsPct        28.81667         3.45433
FlyballsPct           22.98333         2.83832
LinedrivesPct          8.92500         1.34443
PopupsPct              8.80000         1.37576

                    Correlation Matrix

                         AvergaeExitVelocity  AverageLaunchAngle  BarrelBattedRate  SolidContactPct  FlareBurnerPct  PoorlyUnderPct  PoorlyToppedPct  PoorlyWeakPct  HardHitPct  ZSwingPct  OZSwingPct  OZContactPct  OutZonePct  IZContactPct  InZonePct   EdgePct  WhiffPct   PullPct  StraightAwayPct  OppositePct  GroundballsPct  FlyballsPct  LinedrivesPct  PopupsPct

AvergaeExitVelocity                   1.0000              0.3704            0.9742          -0.9274         -0.9281          0.6786           0.7162         0.7925     -0.7687    -0.3300     -0.8708       -0.5743     -0.7318       -0.5139    -0.6803    0.9048   -0.3731    0.3356           0.3458      -0.0308          0.4864      -0.7062         0.2998     0.3826
AverageLaunchAngle                    0.3704              1.0000            0.4637          -0.5039         -0.3408          0.4800           0.2427         0.4655     -0.6249    -0.7134     -0.5281       -0.6407     -0.5079       -0.6988    -0.5554    0.5059    0.2980   -0.4177          -0.0908      -0.6397          0.8246      -0.6359         0.4394     0.4461
BarrelBattedRate                      0.9742              0.4637            1.0000          -0.9384         -0.9289          0.7220           0.7621         0.8538     -0.8389    -0.4422     -0.9165       -0.6581     -0.8057       -0.6133    -0.7599    0.9459   -0.2915    0.2526           0.2737      -0.0947          0.5780      -0.8218         0.4298     0.4936
SolidContactPct                      -0.9274             -0.5039           -0.9384           1.0000          0.8491         -0.7930          -0.7031        -0.7881      0.8698     0.5596      0.9106        0.6804      0.7924        0.6551     0.7908   -0.9109    0.1718   -0.1587          -0.1244       0.0811         -0.6407       0.8341        -0.2689    -0.3228
FlareBurnerPct                       -0.9281             -0.3408           -0.9289           0.8491          1.0000         -0.7273          -0.8305        -0.9320      0.8206     0.4062      0.9005        0.7194      0.8603        0.6571     0.7467   -0.9159    0.3206   -0.2540          -0.3626       0.1580         -0.5476       0.7673        -0.5131    -0.5669
PoorlyUnderPct                        0.6786              0.4800            0.7220          -0.7930         -0.7273          1.0000           0.7227         0.7580     -0.9202    -0.7725     -0.8287       -0.8530     -0.8785       -0.8555    -0.8985    0.7939    0.1183   -0.1775          -0.0314      -0.1285          0.6491      -0.7943         0.2532     0.2679
PoorlyToppedPct                       0.7162              0.2427            0.7621          -0.7031         -0.8305          0.7227           1.0000         0.8151     -0.7246    -0.3922     -0.8772       -0.6456     -0.8030       -0.6735    -0.5891    0.8454   -0.2296    0.1481           0.3240      -0.0640          0.4915      -0.7836         0.5129     0.5428
PoorlyWeakPct                         0.7925              0.4655            0.8538          -0.7881         -0.9320          0.7580           0.8151         1.0000     -0.8858    -0.6265     -0.8811       -0.8487     -0.9359       -0.8130    -0.8330    0.8623   -0.0509   -0.0176           0.1373      -0.3467          0.7320      -0.8914         0.6601     0.6660
HardHitPct                           -0.7687             -0.6249           -0.8389           0.8698          0.8206         -0.9202          -0.7246        -0.8858      1.0000     0.8288      0.9057        0.9315      0.9520        0.9192     0.9611   -0.8753   -0.0849    0.1544          -0.0110       0.2805         -0.7961       0.9159        -0.4214    -0.4347
ZSwingPct                            -0.3300             -0.7134           -0.4422           0.5596          0.4062         -0.7725          -0.3922        -0.6265      0.8288     1.0000      0.5795        0.8480      0.7330        0.9016     0.8431   -0.4961   -0.5800    0.6309           0.4347       0.4144         -0.8355       0.7829        -0.2937    -0.2380
OZSwingPct                           -0.8708             -0.5281           -0.9165           0.9106          0.9005         -0.8287          -0.8772        -0.8811      0.9057     0.5795      1.0000        0.7917      0.8978        0.8009     0.7802   -0.9863    0.2398   -0.1626          -0.3030       0.1905         -0.6863       0.8883        -0.4740    -0.5234
OZContactPct                         -0.5743             -0.6407           -0.6581           0.6804          0.7194         -0.8530          -0.6456        -0.8487      0.9315     0.8480      0.7917        1.0000      0.9544        0.9554     0.9071   -0.7530   -0.1473    0.2651          -0.0503       0.5308         -0.8567       0.8327        -0.5655    -0.5640
OutZonePct                           -0.7318             -0.5079           -0.8057           0.7924          0.8603         -0.8785          -0.8030        -0.9359      0.9520     0.7330      0.8978        0.9544      1.0000        0.8982     0.9075   -0.8752    0.0329    0.0591          -0.1581       0.3817         -0.7828       0.8918        -0.5970    -0.6116
IZContactPct                         -0.5139             -0.6988           -0.6133           0.6551          0.6571         -0.8555          -0.6735        -0.8130      0.9192     0.9016      0.8009        0.9554      0.8982        1.0000     0.8655   -0.7337   -0.2617    0.3730           0.0556       0.4504         -0.8474       0.8627        -0.5000    -0.4804
InZonePct                            -0.6803             -0.5554           -0.7599           0.7908          0.7467         -0.8985          -0.5891        -0.8330      0.9611     0.8431      0.7802        0.9071      0.9075        0.8655     1.0000   -0.7624   -0.1888    0.2257           0.1349       0.2330         -0.7197       0.8475        -0.3826    -0.3755
EdgePct                               0.9048              0.5059            0.9459          -0.9109         -0.9159          0.7939           0.8454         0.8623     -0.8753    -0.4961     -0.9863       -0.7530     -0.8752       -0.7337    -0.7624    1.0000   -0.3447    0.2698           0.3837      -0.1725          0.6297      -0.8460         0.4957     0.5600
WhiffPct                             -0.3731              0.2980           -0.2915           0.1718          0.3206          0.1183          -0.2296        -0.0509     -0.0849    -0.5800      0.2398       -0.1473      0.0329       -0.2617    -0.1888   -0.3447    1.0000   -0.9691          -0.9004      -0.1858          0.2958      -0.1410        -0.1094    -0.2336
PullPct                               0.3356             -0.4177            0.2526          -0.1587         -0.2540         -0.1775           0.1481        -0.0176      0.1544     0.6309     -0.1626        0.2651      0.0591        0.3730     0.2257    0.2698   -0.9691    1.0000           0.7665       0.3422         -0.4052       0.1847         0.0009     0.1103
StraightAwayPct                       0.3458             -0.0908            0.2737          -0.1244         -0.3626         -0.0314           0.3240         0.1373     -0.0110     0.4347     -0.3030       -0.0503     -0.1581        0.0556     0.1349    0.3837   -0.9004    0.7665           1.0000      -0.0980         -0.0964       0.0814         0.2619     0.3903
OppositePct                          -0.0308             -0.6397           -0.0947           0.0811          0.1580         -0.1285          -0.0640        -0.3467      0.2805     0.4144      0.1905        0.5308      0.3817        0.4504     0.2330   -0.1725   -0.1858    0.3422          -0.0980       1.0000         -0.7397       0.3185        -0.6720    -0.6655
GroundballsPct                        0.4864              0.8246            0.5780          -0.6407         -0.5476          0.6491           0.4915         0.7320     -0.7961    -0.8355     -0.6863       -0.8567     -0.7828       -0.8474    -0.7197    0.6297    0.2958   -0.4052          -0.0964      -0.7397          1.0000      -0.8297         0.5881     0.5781
FlyballsPct                          -0.7062             -0.6359           -0.8218           0.8341          0.7673         -0.7943          -0.7836        -0.8914      0.9159     0.7829      0.8883        0.8327      0.8918        0.8627     0.8475   -0.8460   -0.1410    0.1847           0.0814       0.3185         -0.8297       1.0000        -0.5845    -0.5722
LinedrivesPct                         0.2998              0.4394            0.4298          -0.2689         -0.5131          0.2532           0.5129         0.6601     -0.4214    -0.2937     -0.4740       -0.5655     -0.5970       -0.5000    -0.3826    0.4957   -0.1094    0.0009           0.2619      -0.6720          0.5881      -0.5845         1.0000     0.9874
PopupsPct                             0.3826              0.4461            0.4936          -0.3228         -0.5669          0.2679           0.5428         0.6660     -0.4347    -0.2380     -0.5234       -0.5640     -0.6116       -0.4804    -0.3755    0.5600   -0.2336    0.1103           0.3903      -0.6655          0.5781      -0.5722         0.9874     1.0000

             Eigenvalues of the Correlation Matrix

                  Eigenvalue    Difference    Proportion    Cumulative

             1   14.81351864   10.44422355        0.6172        0.6172
             2    4.36929509    2.00647162        0.1821        0.7993
             3    2.36282347    1.53428995        0.0985        0.8977
             4    0.82853352    0.20055328        0.0345        0.9323
             5    0.62798024    0.24609585        0.0262        0.9584
             6    0.38188439    0.12760326        0.0159        0.9743
             7    0.25428113    0.06641247        0.0106        0.9849
             8    0.18786866    0.08071803        0.0078        0.9928
             9    0.10715064    0.05847368        0.0045        0.9972
            10    0.04867696    0.03068969        0.0020        0.9993
            11    0.01798727    0.01798727        0.0007        1.0000
            12    0.00000000    0.00000000        0.0000        1.0000

                           Eigenvectors

                       Prin1       Prin2       Prin3       Prin4       Prin5       Prin6       Prin7       Prin8       Prin9      Prin10      Prin11      Prin12

AvergaeExitVelocity -0.209298    0.207249    0.151938   -0.191147   -0.253471   -0.144634    0.302107    0.168728    0.089705    0.108405    0.122741   -0.149149
AverageLaunchAngle  -0.167353   -0.198528   -0.159690   -0.558469   -0.136186    0.297319   -0.225843    0.428244   -0.026230   -0.137398   -0.153501    0.072635
BarrelBattedRate    -0.228564    0.162162    0.108532   -0.116565   -0.301631   -0.078077    0.014483    0.150159    0.051885    0.346012    0.354860    0.019389
SolidContactPct      0.226169   -0.096317   -0.202636    0.239333    0.218374    0.031029   -0.017123    0.293129   -0.178320    0.109047    0.611281    0.186424
FlareBurnerPct       0.229338   -0.177389   -0.045578   -0.102820    0.097851    0.194361   -0.334342   -0.254833    0.159644    0.309579    0.264041    0.013959
PoorlyUnderPct      -0.225417   -0.051738    0.220451    0.059053    0.299859    0.035144   -0.026572    0.091342    0.701844   -0.329497    0.249446   -0.064992
PoorlyToppedPct     -0.209016    0.144996    0.040590    0.378936    0.033846    0.555390    0.243555   -0.057557    0.133074    0.139015   -0.241771    0.206052
PoorlyWeakPct       -0.245426    0.037358   -0.030834    0.228662   -0.127863   -0.187410    0.223385    0.054021   -0.357826   -0.307091    0.215394    0.066969
HardHitPct           0.251718    0.048115   -0.120135    0.038944   -0.105857    0.094037    0.087487   -0.027851    0.110145   -0.208074   -0.003076    0.408213
ZSwingPct            0.193777    0.301244   -0.093967    0.043555   -0.132622    0.014726    0.169854    0.122182    0.177591   -0.023848   -0.089269    0.275080
OZSwingPct           0.245643   -0.114482   -0.070504    0.049337   -0.026716   -0.269630    0.037249    0.116243    0.138172    0.174745   -0.163639   -0.236865
OZContactPct         0.239561    0.108421    0.054127   -0.035934   -0.342644    0.195133    0.012003    0.002870    0.049583   -0.131802    0.245753    0.038882
OutZonePct           0.252016   -0.002049    0.007127   -0.153232   -0.198523    0.159588   -0.005793    0.122630   -0.048231   -0.202384   -0.031534    0.170983
IZContactPct         0.233939    0.153028    0.002227   -0.050780   -0.294913   -0.172013    0.075498   -0.092588    0.342382    0.260075   -0.005835    0.035299
InZonePct            0.233313    0.094426   -0.153210   -0.043730   -0.089339    0.415397    0.271530   -0.165851   -0.055077   -0.200942    0.167502   -0.656351
EdgePct             -0.240378    0.161889    0.049339   -0.090000   -0.005560    0.156581   -0.151360    0.006054    0.019220   -0.106664    0.265329   -0.001718
WhiffPct             0.004872   -0.459040    0.102640    0.153779   -0.185085    0.053463    0.180201    0.131788    0.048452    0.044963   -0.010318   -0.067034
PullPct              0.018401    0.459756   -0.014870   -0.103037    0.035475   -0.157988   -0.330989   -0.328333   -0.063062   -0.257691    0.025507    0.016724
StraightAwayPct     -0.034775    0.389695   -0.241292   -0.182437    0.440347    0.147004    0.169789    0.225501   -0.089519    0.339275   -0.048347   -0.060702
OppositePct          0.101128    0.175022    0.501510    0.253342   -0.101006    0.184060   -0.363735    0.235329   -0.166358    0.122044   -0.082546   -0.026857
GroundballsPct      -0.216217   -0.186690   -0.163388   -0.225376   -0.044934    0.045550    0.213119   -0.434613   -0.010850    0.117335    0.117373    0.302125
FlyballsPct          0.245374    0.060679   -0.030675   -0.097441    0.247440   -0.203366    0.190950    0.278243    0.117388   -0.220499   -0.035926    0.060809
LinedrivesPct       -0.154664    0.018967   -0.468483    0.303348   -0.214987   -0.037476   -0.259482    0.082050    0.096191   -0.067893   -0.068860   -0.128988
PopupsPct           -0.160274    0.074460   -0.469649    0.208614   -0.176506   -0.030343   -0.206722    0.123821    0.199043    0.046553   -0.025317   -0.063157
