                    The CORR Procedure
          24 Variables:    AvergaeExitVelocity   AverageLaunchAngle   BarrelBattedRate   SolidContactPct   FlareBurnerPct   PoorlyUnderPct   PoorlyToppedPct   PoorlyWeakPct   HardHitPct   ZSwingPct   OZSwingPct   OZContactPct   OutZonePct   IZContactPct   InZonePct   EdgePct   WhiffPct   PullPct   StraightAwayPct   OppositePct   GroundballsPct   FlyballsPct   LinedrivesPct   PopupsPct
                    Simple Statistics
Variable         N      Mean   Std Dev       Sum   Minimum   Maximum
--------  --------  --------  --------  --------  --------  --------
AvergaeExitVelocity        12  91.32500   2.48345  1095.90000  87.50000  95.90000
AverageLaunchAngle         12  13.52500   2.55810   162.30000   8.20000  17.50000
BarrelBattedRate           12  15.08333   5.84043   181.00000   5.10000  25.30000
SolidContactPct            12   8.62500   1.08303   103.50000   6.80000  10.50000
FlareBurnerPct             12  12.27500   1.29974   147.30000  10.20000  14.50000
PoorlyUnderPct             12  11.24167   1.36146   134.90000   8.50000  13.20000
PoorlyToppedPct            12  13.86667   1.24048   166.40000  11.20000  15.80000
PoorlyWeakPct              12   3.67500   0.57544    44.10000   2.50000   4.50000
HardHitPct                 12  57.16667   3.55434   686.00000  52.50000  65.20000
ZSwingPct                  12  69.26667   3.02575   831.20000  64.20000  75.80000
OZSwingPct                 12  39.94167   6.65534   479.30000  29.10000  55.20000
OZContactPct               12  60.71667   3.51150   728.60000  55.20000  68.50000
OutZonePct                 12  75.51667   4.09075   906.20000  70.80000  84.20000
IZContactPct               12  80.98333   2.14427   971.80000  78.50000  86.50000
InZonePct                  12  45.90833   1.51865   550.90000  43.20000  48.50000
EdgePct                    12  25.65000   6.56167   307.80000  12.50000  38.60000
WhiffPct                   12  38.43333   4.93049   461.20000  25.10000  44.50000
PullPct                    12  34.81750   3.27467   417.81000  30.25000  42.66000
StraightAwayPct            12  26.67417   1.70571   320.09000  24.65000  31.34000
OppositePct                12  39.27500   2.55490   471.30000  35.80000  44.50000
GroundballsPct             12  28.81667   3.45433   345.80000  20.50000  33.20000
FlyballsPct                12  22.98333   2.83832   275.80000  19.80000  29.50000
LinedrivesPct              12   8.92500   1.34443   107.10000   6.50000  10.60000
PopupsPct                  12   8.80000   1.37576   105.60000   6.60000  10.90000
   Pearson Correlation Coefficients, N = 12
          Prob > |r| under H0: Rho=0
            AvergaeExitVelocity  AverageLaunchAngle  BarrelBattedRate  SolidContactPct  FlareBurnerPct  PoorlyUnderPct  PoorlyToppedPct  PoorlyWeakPct  HardHitPct  ZSwingPct  OZSwingPct  OZContactPct  OutZonePct  IZContactPct  InZonePct   EdgePct  WhiffPct   PullPct  StraightAwayPct  OppositePct  GroundballsPct  FlyballsPct  LinedrivesPct  PopupsPct
--------  --------  --------  --------  --------  --------  --------  --------  --------  --------  --------  --------  --------  --------  --------  --------  --------  --------  --------  --------  --------  --------  --------  --------  --------
AvergaeExitVelocity   1.00000   0.37038   0.97422  -0.92738  -0.92808   0.67857   0.71620   0.79247  -0.76872  -0.33004  -0.87081  -0.57434  -0.73176  -0.51394  -0.68029   0.90485  -0.37308   0.33559   0.34577  -0.03084   0.48636  -0.70618   0.29985   0.38262
              .       0.2360    <.0001    <.0001    <.0001    0.0153    0.0088    0.0021    0.0035    0.2948    0.0002    0.0508    0.0068    0.0874    0.0149    <.0001    0.2323    0.2862    0.2709    0.9242    0.1089    0.0103    0.3437    0.2196
AverageLaunchAngle   0.37038   1.00000   0.46369  -0.50393  -0.34075   0.47996   0.24265   0.46549  -0.62490  -0.71340  -0.52811  -0.64067  -0.50791  -0.69882  -0.55536   0.50588   0.29797  -0.41769  -0.09082  -0.63974   0.82462  -0.63586   0.43939   0.44611
            0.2360      .       0.1289    0.0948    0.2784    0.1143    0.4473    0.1272    0.0298    0.0092    0.0776    0.0248    0.0918    0.0115    0.0609    0.0933    0.3469    0.1767    0.7789    0.0251    0.0010    0.0263    0.1530    0.1460
BarrelBattedRate   0.97422   0.46369   1.00000  -0.93843  -0.92891   0.72197   0.76208   0.85382  -0.83888  -0.44219  -0.91648  -0.65811  -0.80571  -0.61327  -0.75989   0.94593  -0.29146   0.25257   0.27370  -0.09471   0.57801  -0.82180   0.42982   0.49363
            <.0001    0.1289      .       <.0001    <.0001    0.0080    0.0040    0.0004    0.0006    0.1500    <.0001    0.0200    0.0016    0.0340    0.0041    <.0001    0.3580    0.4284    0.3893    0.7697    0.0490    0.0010    0.1631    0.1029
SolidContactPct  -0.92738  -0.50393  -0.93843   1.00000   0.84909  -0.79303  -0.70306  -0.78806   0.86978   0.55955   0.91058   0.68043   0.79235   0.65511   0.79081  -0.91088   0.17178  -0.15867  -0.12437   0.08107  -0.64066   0.83413  -0.26894  -0.32276
            <.0001    0.0948    <.0001      .       0.0005    0.0021    0.0108    0.0023    0.0002    0.0585    <.0001    0.0149    0.0021    0.0208    0.0022    <.0001    0.5935    0.6223    0.7002    0.8022    0.0248    0.0007    0.3980    0.3062
FlareBurnerPct  -0.92808  -0.34075  -0.92891   0.84909   1.00000  -0.72734  -0.83055  -0.93197   0.82059   0.40615   0.90048   0.71936   0.86029   0.65711   0.74670  -0.91592   0.32060  -0.25398  -0.36256   0.15803  -0.54761   0.76725  -0.51310  -0.56687
            <.0001    0.2784    <.0001    0.0005      .       0.0073    0.0008    <.0001    0.0011    0.1902    <.0001    0.0084    0.0003    0.0202    0.0053    <.0001    0.3096    0.4257    0.2468    0.6238    0.0653    0.0036    0.0880    0.0546
PoorlyUnderPct   0.67857   0.47996   0.72197  -0.79303  -0.72734   1.00000   0.72274   0.75802  -0.92022  -0.77247  -0.82874  -0.85301  -0.87848  -0.85548  -0.89847   0.79390   0.11828  -0.17750  -0.03136  -0.12852   0.64915  -0.79427   0.25318   0.26792
            0.0153    0.1143    0.0080    0.0021    0.0073      .       0.0079    0.0043    <.0001    0.0032    0.0009    0.0004    0.0002    0.0004    <.0001    0.0020    0.7143    0.5810    0.9229    0.6906    0.0224    0.0020    0.4272    0.3998
PoorlyToppedPct   0.71620   0.24265   0.76208  -0.70306  -0.83055   0.72274   1.00000   0.81507  -0.72461  -0.39221  -0.87722  -0.64558  -0.80301  -0.67352  -0.58906   0.84536  -0.22960   0.14806   0.32398  -0.06397   0.49149  -0.78355   0.51294   0.54281
            0.0088    0.4473    0.0040    0.0108    0.0008    0.0079      .       0.0012    0.0077    0.2073    0.0002    0.0234    0.0017    0.0163    0.0439    0.0005    0.4729    0.6461    0.3043    0.8434    0.1046    0.0026    0.0881    0.0682
PoorlyWeakPct   0.79247   0.46549   0.85382  -0.78806  -0.93197   0.75802   0.81507   1.00000  -0.88583  -0.62655  -0.88107  -0.84873  -0.93593  -0.81301  -0.83300   0.86229  -0.05095  -0.01760   0.13728  -0.34674   0.73197  -0.89139   0.66010   0.66602
            0.0021    0.1272    0.0004    0.0023    <.0001    0.0043    0.0012      .       0.0001    0.0293    0.0002    0.0005    <.0001    0.0013    0.0008    0.0003    0.8751    0.9567    0.6705    0.2695    0.0068    <.0001    0.0195    0.0181
HardHitPct  -0.76872  -0.62490  -0.83888   0.86978   0.82059  -0.92022  -0.72461  -0.88583   1.00000   0.82880   0.90568   0.93150   0.95197   0.91922   0.96106  -0.87532  -0.08485   0.15435  -0.01103   0.28051  -0.79606   0.91594  -0.42139  -0.43466
            0.0035    0.0298    0.0006    0.0002    0.0011    <.0001    0.0077    0.0001      .       0.0009    <.0001    <.0001    <.0001    <.0001    <.0001    0.0002    0.7932    0.6320    0.9729    0.3772    0.0020    <.0001    0.1725    0.1579
ZSwingPct  -0.33004  -0.71340  -0.44219   0.55955   0.40615  -0.77247  -0.39221  -0.62655   0.82880   1.00000   0.57955   0.84798   0.73297   0.90157   0.84307  -0.49612  -0.58004   0.63093   0.43474   0.41442  -0.83554   0.78294  -0.29365  -0.23804
            0.2948    0.0092    0.1500    0.0585    0.1902    0.0032    0.2073    0.0293    0.0009      .       0.0483    0.0005    0.0067    <.0001    0.0006    0.1009    0.0480    0.0278    0.1579    0.1804    0.0007    0.0026    0.3542    0.4563
OZSwingPct  -0.87081  -0.52811  -0.91648   0.91058   0.90048  -0.82874  -0.87722  -0.88107   0.90568   0.57955   1.00000   0.79173   0.89780   0.80092   0.78015  -0.98631   0.23985  -0.16258  -0.30302   0.19051  -0.68631   0.88829  -0.47399  -0.52344
            0.0002    0.0776    <.0001    <.0001    <.0001    0.0009    0.0002    0.0002    <.0001    0.0483      .       0.0021    <.0001    0.0017    0.0028    <.0001    0.4527    0.6137    0.3384    0.5531    0.0137    0.0001    0.1195    0.0807
OZContactPct  -0.57434  -0.64067  -0.65811   0.68043   0.71936  -0.85301  -0.64558  -0.84873   0.93150   0.84798   0.79173   1.00000   0.95440   0.95542   0.90706  -0.75300  -0.14727   0.26510  -0.05025   0.53082  -0.85674   0.83271  -0.56547  -0.56397
            0.0508    0.0248    0.0200    0.0149    0.0084    0.0004    0.0234    0.0005    <.0001    0.0005    0.0021      .       <.0001    <.0001    <.0001    0.0047    0.6479    0.4050    0.8768    0.0758    0.0004    0.0008    0.0554    0.0561
OutZonePct  -0.73176  -0.50791  -0.80571   0.79235   0.86029  -0.87848  -0.80301  -0.93593   0.95197   0.73297   0.89780   0.95440   1.00000   0.89817   0.90754  -0.87518   0.03292   0.05913  -0.15806   0.38172  -0.78277   0.89182  -0.59697  -0.61156
            0.0068    0.0918    0.0016    0.0021    0.0003    0.0002    0.0017    <.0001    <.0001    0.0067    <.0001    <.0001      .       <.0001    <.0001    0.0002    0.9191    0.8552    0.6237    0.2208    0.0026    <.0001    0.0404    0.0346
IZContactPct  -0.51394  -0.69882  -0.61327   0.65511   0.65711  -0.85548  -0.67352  -0.81301   0.91922   0.90157   0.80092   0.95542   0.89817   1.00000   0.86548  -0.73367  -0.26169   0.37301   0.05560   0.45045  -0.84744   0.86272  -0.49998  -0.48043
            0.0874    0.0115    0.0340    0.0208    0.0202    0.0004    0.0163    0.0013    <.0001    <.0001    0.0017    <.0001    <.0001      .       0.0003    0.0066    0.4113    0.2324    0.8637    0.1417    0.0005    0.0003    0.0979    0.1139
InZonePct  -0.68029  -0.55536  -0.75989   0.79081   0.74670  -0.89847  -0.58906  -0.83300   0.96106   0.84307   0.78015   0.90706   0.90754   0.86548   1.00000  -0.76236  -0.18884   0.22569   0.13493   0.23296  -0.71972   0.84746  -0.38259  -0.37551
            0.0149    0.0609    0.0041    0.0022    0.0053    <.0001    0.0439    0.0008    <.0001    0.0006    0.0028    <.0001    <.0001    0.0003      .       0.0039    0.5567    0.4806    0.6759    0.4662    0.0083    0.0005    0.2197    0.2290
EdgePct    0.90485   0.50588   0.94593  -0.91088  -0.91592   0.79390   0.84536   0.86229  -0.87532  -0.49612  -0.98631  -0.75300  -0.87518  -0.73367  -0.76236   1.00000  -0.34467   0.26976   0.38375  -0.17247   0.62973  -0.84597   0.49573   0.56002
            <.0001    0.0933    <.0001    <.0001    <.0001    0.0020    0.0005    0.0003    0.0002    0.1009    <.0001    0.0047    0.0002    0.0066    0.0039      .       0.2726    0.3965    0.2181    0.5920    0.0282    0.0005    0.1012    0.0583
WhiffPct  -0.37308   0.29797  -0.29146   0.17178   0.32060   0.11828  -0.22960  -0.05095  -0.08485  -0.58004   0.23985  -0.14727   0.03292  -0.26169  -0.18884  -0.34467   1.00000  -0.96907  -0.90041  -0.18576   0.29583  -0.14099  -0.10944  -0.23360
            0.2323    0.3469    0.3580    0.5935    0.3096    0.7143    0.4729    0.8751    0.7932    0.0480    0.4527    0.6479    0.9191    0.4113    0.5567    0.2726      .       <.0001    <.0001    0.5632    0.3505    0.6621    0.7349    0.4650
PullPct    0.33559  -0.41769   0.25257  -0.15867  -0.25398  -0.17750   0.14806  -0.01760   0.15435   0.63093  -0.16258   0.26510   0.05913   0.37301   0.22569   0.26976  -0.96907   1.00000   0.76646   0.34220  -0.40520   0.18468   0.00092   0.11030
            0.2862    0.1767    0.4284    0.6223    0.4257    0.5810    0.6461    0.9567    0.6320    0.0278    0.6137    0.4050    0.8552    0.2324    0.4806    0.3965    <.0001      .       0.0036    0.2762    0.1913    0.5656    0.9977    0.7329
StraightAwayPct   0.34577  -0.09082   0.27370  -0.12437  -0.36256  -0.03136   0.32398   0.13728  -0.01103   0.43474  -0.30302  -0.05025  -0.15806   0.05560   0.13493   0.38375  -0.90041   0.76646   1.00000  -0.09796  -0.09641   0.08144   0.26195   0.39026
            0.2709    0.7789    0.3893    0.7002    0.2468    0.9229    0.3043    0.6705    0.9729    0.1579    0.3384    0.8768    0.6237    0.8637    0.6759    0.2181    <.0001    0.0036      .       0.7620    0.7656    0.8014    0.4108    0.2098
OppositePct  -0.03084  -0.63974  -0.09471   0.08107   0.15803  -0.12852  -0.06397  -0.34674   0.28051   0.41442   0.19051   0.53082   0.38172   0.45045   0.23296  -0.17247  -0.18576   0.34220  -0.09796   1.00000  -0.73975   0.31849  -0.67205  -0.66547
            0.9242    0.0251    0.7697    0.8022    0.6238    0.6906    0.8434    0.2695    0.3772    0.1804    0.5531    0.0758    0.2208    0.1417    0.4662    0.5920    0.5632    0.2762    0.7620      .       0.0060    0.3130    0.0167    0.0182
GroundballsPct   0.48636   0.82462   0.57801  -0.64066  -0.54761   0.64915   0.49149   0.73197  -0.79606  -0.83554  -0.68631  -0.85674  -0.78277  -0.84744  -0.71972   0.62973   0.29583  -0.40520  -0.09641  -0.73975   1.00000  -0.82974   0.58813   0.57809
            0.1089    0.0010    0.0490    0.0248    0.0653    0.0224    0.1046    0.0068    0.0020    0.0007    0.0137    0.0004    0.0026    0.0005    0.0083    0.0282    0.3505    0.1913    0.7656    0.0060      .       0.0008    0.0443    0.0490
FlyballsPct  -0.70618  -0.63586  -0.82180   0.83413   0.76725  -0.79427  -0.78355  -0.89139   0.91594   0.78294   0.88829   0.83271   0.89182   0.86272   0.84746  -0.84597  -0.14099   0.18468   0.08144   0.31849  -0.82974   1.00000  -0.58451  -0.57225
            0.0103    0.0263    0.0010    0.0007    0.0036    0.0020    0.0026    <.0001    <.0001    0.0026    0.0001    0.0008    <.0001    0.0003    0.0005    0.0005    0.6621    0.5656    0.8014    0.3130    0.0008      .       0.0459    0.0519
LinedrivesPct   0.29985   0.43939   0.42982  -0.26894  -0.51310   0.25318   0.51294   0.66010  -0.42139  -0.29365  -0.47399  -0.56547  -0.59697  -0.49998  -0.38259   0.49573  -0.10944   0.00092   0.26195  -0.67205   0.58813  -0.58451   1.00000   0.98742
            0.3437    0.1530    0.1631    0.3980    0.0880    0.4272    0.0881    0.0195    0.1725    0.3542    0.1195    0.0554    0.0404    0.0979    0.2197    0.1012    0.7349    0.9977    0.4108    0.0167    0.0443    0.0459      .       <.0001
PopupsPct   0.38262   0.44611   0.49363  -0.32276  -0.56687   0.26792   0.54281   0.66602  -0.43466  -0.23804  -0.52344  -0.56397  -0.61156  -0.48043  -0.37551   0.56002  -0.23360   0.11030   0.39026  -0.66547   0.57809  -0.57225   0.98742   1.00000
            0.2196    0.1460    0.1029    0.3062    0.0546    0.3998    0.0682    0.0181    0.1579    0.4563    0.0807    0.0561    0.0346    0.1139    0.2290    0.0583    0.4650    0.7329    0.2098    0.0182    0.0490    0.0519    <.0001      .
